25   5   50

0 0 0 0 0 54 0 0 58 50 0 0 41 0 0 0 0 0 0 43 0 0 0 0 0 
0 0 0 0 0 50 0 0 57 46 0 0 0 0 0 0 0 54 48 48 0 50 0 0 0 
54 0 0 51 0 42 0 0 0 59 0 54 41 51 0 0 59 41 0 41 0 0 0 55 41 
51 0 0 51 0 40 0 0 0 54 0 0 0 46 0 0 0 0 0 0 53 0 0 0 48 
0 51 50 0 0 0 0 41 0 0 0 59 40 46 0 0 0 0 0 0 0 0 0 0 0 
52 0 0 0 54 0 43 59 40 0 46 47 40 0 0 40 40 0 40 0 43 0 59 0 0 
52 57 0 0 0 0 0 0 0 0 0 0 0 0 0 0 51 0 0 0 0 52 0 0 0 
0 0 58 0 0 56 0 0 0 58 40 0 58 50 0 0 0 0 0 0 0 43 0 0 57 
58 0 0 52 0 58 0 55 0 0 0 0 0 49 59 0 0 49 0 0 0 0 0 0 0 
0 0 52 0 0 0 0 0 47 0 0 0 0 0 0 0 0 0 0 0 0 0 0 0 0 
43 47 54 48 51 46 0 0 49 42 41 0 0 41 0 0 0 40 0 56 0 0 52 0 0 
0 0 0 0 0 0 0 0 0 0 0 0 0 0 0 0 0 0 0 0 0 0 46 0 0 
0 0 0 55 0 0 0 0 0 0 0 0 0 0 0 0 0 0 0 0 0 0 0 0 0 
0 0 0 0 0 0 55 52 0 58 0 0 0 0 0 0 0 0 0 0 0 52 0 0 51 
0 0 0 45 0 0 0 0 0 0 50 52 0 0 49 43 0 0 0 0 0 58 0 0 44 
50 0 0 0 0 0 0 0 0 0 0 0 0 0 0 0 0 0 0 0 0 0 0 0 0 
0 0 0 0 0 0 0 0 0 0 0 0 0 0 0 0 0 58 0 40 0 0 0 0 0 
41 0 57 0 57 0 42 48 43 48 0 0 41 44 51 54 0 0 0 0 0 53 0 0 0 
0 0 0 48 0 0 50 0 57 0 0 0 57 0 0 0 0 50 43 40 53 56 0 41 0 
0 0 0 57 40 0 42 42 0 56 0 0 0 41 47 41 0 50 58 0 0 0 0 0 0 
0 53 40 0 0 0 0 0 44 57 0 48 46 45 0 0 50 49 0 0 59 0 40 0 54 
0 0 59 54 0 0 54 0 58 0 52 43 0 44 0 0 0 57 52 0 0 0 0 0 0 
0 0 0 0 0 46 0 0 0 50 0 0 0 0 0 0 56 0 0 0 0 52 49 0 0 
0 0 49 0 0 0 43 0 44 0 0 0 57 55 49 0 0 0 0 0 52 53 0 48 0 
0 0 0 0 0 0 0 56 0 0 0 0 0 0 0 0 0 0 0 0 0 0 0 0 0 
46 0 40 0 54 0 0 0 0 0 0 0 0 0 0 0 0 0 0 0 0 0 0 0 0 
46 46 52 0 0 50 0 0 0 0 0 0 0 0 0 44 54 0 0 0 0 53 0 0 0 
0 57 0 0 0 0 0 0 44 51 0 41 0 0 45 41 45 0 0 0 0 58 0 42 47 
40 0 45 50 59 48 51 0 0 0 49 0 0 47 0 0 48 0 0 0 50 0 58 0 47 
50 0 51 0 0 0 51 40 47 0 0 0 52 41 53 51 0 0 0 0 59 50 50 0 52 
0 40 0 0 40 0 0 0 46 0 56 49 42 0 46 0 0 50 54 53 0 0 53 0 43 
0 0 0 0 0 0 0 0 45 0 58 0 0 0 0 0 0 0 0 0 0 59 0 0 0 
0 46 0 0 0 0 0 0 0 51 45 0 0 0 0 50 42 0 0 0 59 0 42 43 0 
59 0 58 0 0 52 0 54 55 42 40 44 0 0 0 54 53 0 50 0 42 0 46 0 0 
0 0 0 0 0 0 47 45 0 0 53 0 0 0 57 59 40 41 0 47 45 53 55 0 55 
0 0 0 0 0 0 0 50 0 0 0 0 0 0 0 0 0 0 0 0 0 0 0 0 0 
48 57 57 41 0 0 57 0 0 48 40 0 0 53 50 0 0 0 0 0 0 42 45 0 46 
0 0 0 0 0 0 0 0 49 0 57 0 0 0 0 0 0 0 0 0 0 0 0 0 0 
59 46 0 0 57 57 0 0 58 49 0 0 0 0 0 0 0 0 0 0 46 46 0 0 0 
0 0 0 0 0 0 56 0 49 0 43 40 51 57 0 0 0 0 59 0 0 46 0 0 0 
0 52 0 0 0 0 0 58 46 0 0 0 0 40 0 0 40 0 0 0 0 0 0 0 0 
0 0 0 0 0 0 59 50 55 40 0 0 50 0 51 0 0 0 0 40 0 0 0 58 59 
0 50 42 0 0 0 0 0 40 45 0 0 0 43 0 40 0 0 0 0 0 0 43 44 0 
56 0 0 0 0 0 0 43 48 53 0 0 0 0 0 0 0 0 0 0 0 0 0 54 51 
0 57 53 53 0 57 0 48 46 0 0 58 57 0 0 0 0 0 49 0 0 52 49 52 54 
0 0 0 0 0 0 0 0 0 0 0 0 0 0 0 0 0 0 55 0 0 0 0 0 0 
0 0 45 0 0 0 0 57 51 0 58 0 50 0 0 0 57 0 0 0 0 0 0 0 0 
49 0 0 0 0 0 0 0 0 53 0 0 0 0 0 0 0 0 0 0 0 0 0 0 0 
0 59 50 0 0 47 51 50 51 56 41 0 0 50 0 41 57 0 0 0 0 0 0 41 0 
0 0 0 0 0 0 0 56 0 0 0 0 0 44 0 0 0 41 43 0 0 44 0 0 0 


0  0
400  8
350  7
200  4
300  6
400  8
300  6
100  2
450  9
300  6
450  9
100  2
450  9
350  7
100  2
150  3
250  5
350  7
500  10
100  2
250  5
100  2
150  3
450  9
450  9
200  4
0  0
100  2
300  6
300  6
200  4
400  8
150  3
400  8
100  2
150  3
100  2
300  6
350  7
100  2
200  4
450  9
400  8
250  5
300  6
200  4
150  3
250  5
300  6
400  8
200  4
300  6
0  0
450  9
150  3
250  5
250  5
500  10
400  8
300  6
150  3
500  10
300  6
350  7
450  9
500  10
350  7
100  2
500  10
100  2
250  5
100  2
150  3
200  4
300  6
300  6
400  8
400  8
0  0
250  5
450  9
500  10
450  9
450  9
300  6
350  7
500  10
450  9
100  2
350  7
200  4
200  4
400  8
500  10
300  6
100  2
450  9
250  5
350  7
450  9
150  3
300  6
500  10
500  10
0  0
350  7
150  3
250  5
450  9
350  7
450  9
500  10
250  5
450  9
400  8
200  4
200  4
200  4
150  3
450  9
100  2
350  7
150  3
200  4
200  4
100  2
300  6
250  5
350  7
400  8
0  0
400  8
150  3
450  9
500  10
150  3
400  8
300  6
200  4
100  2
100  2
400  8
350  7
400  8
100  2
250  5
250  5
100  2
250  5
300  6
100  2
100  2
300  6
350  7
150  3
350  7
0  0
350  7
500  10
100  2
500  10
250  5
400  8
300  6
300  6
200  4
250  5
350  7
500  10
400  8
400  8
400  8
300  6
250  5
250  5
200  4
150  3
300  6
350  7
200  4
400  8
450  9
0  0
100  2
400  8
250  5
350  7
350  7
400  8
150  3
300  6
400  8
500  10
450  9
200  4
250  5
150  3
300  6
300  6
300  6
200  4
500  10
150  3
500  10
300  6
200  4
100  2
300  6
0  0
200  4
350  7
450  9
200  4
200  4
400  8
200  4
500  10
450  9
450  9
300  6
300  6
500  10
400  8
500  10
450  9
250  5
150  3
500  10
200  4
300  6
300  6
400  8
400  8
150  3
0  0
400  8
250  5
350  7
500  10
300  6
100  2
500  10
450  9
500  10
150  3
450  9
350  7
250  5
300  6
250  5
500  10
400  8
350  7
500  10
250  5
300  6
300  6
300  6
300  6
200  4
0  0
400  8
500  10
300  6
200  4
250  5
350  7
500  10
400  8
200  4
350  7
500  10
100  2
350  7
400  8
500  10
400  8
300  6
200  4
500  10
400  8
250  5
450  9
250  5
500  10
300  6
0  0
350  7
300  6
100  2
450  9
500  10
200  4
350  7
350  7
300  6
450  9
500  10
100  2
300  6
350  7
100  2
100  2
350  7
150  3
350  7
100  2
450  9
150  3
250  5
150  3
100  2
0  0
100  2
200  4
450  9
200  4
200  4
250  5
450  9
300  6
150  3
350  7
150  3
150  3
500  10
400  8
350  7
300  6
350  7
250  5
500  10
500  10
300  6
100  2
200  4
350  7
250  5
0  0
250  5
250  5
300  6
300  6
200  4
300  6
300  6
350  7
150  3
400  8
350  7
200  4
200  4
100  2
150  3
400  8
500  10
200  4
350  7
350  7
350  7
500  10
500  10
500  10
350  7
0  0
450  9
250  5
350  7
500  10
400  8
450  9
200  4
150  3
200  4
300  6
150  3
350  7
500  10
400  8
300  6
300  6
100  2
400  8
300  6
450  9
450  9
150  3
400  8
450  9
350  7
0  0
200  4
250  5
300  6
500  10
200  4
100  2
350  7
300  6
300  6
300  6
150  3
100  2
300  6
100  2
200  4
500  10
200  4
350  7
350  7
400  8
100  2
100  2
450  9
300  6
250  5
0  0
350  7
200  4
300  6
250  5
450  9
100  2
250  5
150  3
200  4
150  3
200  4
150  3
400  8
400  8
250  5
150  3
350  7
250  5
250  5
400  8
250  5
200  4
500  10
100  2
450  9
0  0
350  7
450  9
400  8
250  5
250  5
100  2
450  9
250  5
300  6
500  10
200  4
250  5
100  2
150  3
350  7
150  3
250  5
300  6
450  9
450  9
450  9
400  8
300  6
150  3
100  2
0  0
150  3
350  7
100  2
100  2
250  5
500  10
250  5
500  10
350  7
350  7
200  4
250  5
250  5
300  6
450  9
100  2
300  6
500  10
100  2
350  7
250  5
100  2
450  9
450  9
350  7
0  0
250  5
400  8
250  5
450  9
350  7
150  3
400  8
500  10
200  4
300  6
200  4
150  3
500  10
100  2
300  6
200  4
200  4
450  9
350  7
300  6
250  5
250  5
500  10
250  5
250  5
0  0
250  5
300  6
150  3
500  10
200  4
450  9
200  4
400  8
500  10
150  3
250  5
100  2
350  7
100  2
200  4
150  3
150  3
150  3
100  2
150  3
250  5
200  4
150  3
500  10
350  7
0  0
400  8
250  5
400  8
250  5
300  6
100  2
400  8
500  10
100  2
250  5
500  10
450  9
400  8
300  6
400  8
350  7
450  9
400  8
150  3
350  7
450  9
200  4
400  8
400  8
100  2
0  0
450  9
150  3
100  2
450  9
100  2
250  5
300  6
150  3
100  2
350  7
250  5
500  10
250  5
100  2
500  10
300  6
100  2
400  8
150  3
300  6
250  5
400  8
100  2
450  9
500  10
0  0
250  5
250  5
150  3
150  3
150  3
100  2
400  8
100  2
100  2
300  6
450  9
300  6
400  8
450  9
300  6
250  5
150  3
250  5
300  6
200  4
200  4
500  10
100  2
400  8
150  3
0  0


2  2
3  4
3  4
0  2
2  3
2  3
0  3
1  2
2  4
2  3
4  4
3  4
1  4
1  3
0  2
1  3
0  3
0  1
0  3
2  4
1  3
0  2
0  2
0  3
1  3
2  4
1  3
1  3
0  3
0  3
3  3
2  2
2  4
1  4
0  2
2  4
0  2
0  2
1  1
3  4
3  4
3  4
1  4
0  0
1  4
0  1
1  2
1  4
1  4
1  2


1803 3358 3878 3463 1927 

1 1 1 1 1 1 1 1 1 1 1 1 1 1 1 1 1 1 1 1 1 1 1 1 1 

3 9 4 9 5 6 9 2 3 6 5 4 6 2 3 9 2 3 8 5 2 5 5 8 3 

0 0 992 0 0 
0 0 0 1206 1206 
0 0 0 1678 1678 
1186 1186 1186 0 0 
0 0 1074 1074 0 
0 0 1706 1706 0 
924 924 924 924 0 
0 1340 1340 0 0 
0 0 1260 1260 1260 
0 0 698 698 0 
0 0 0 0 1720 
0 0 0 592 592 
0 610 610 610 610 
0 1036 1036 1036 0 
1182 1182 1182 0 0 
0 600 600 600 0 
696 696 696 696 0 
1658 1658 0 0 0 
1490 1490 1490 1490 0 
0 0 1448 1448 1448 
0 1670 1670 1670 0 
1446 1446 1446 0 0 
1006 1006 1006 0 0 
1400 1400 1400 1400 0 
0 612 612 612 0 
0 0 780 780 780 
0 1190 1190 1190 0 
0 1442 1442 1442 0 
1684 1684 1684 1684 0 
1794 1794 1794 1794 0 
0 0 0 1644 0 
0 0 824 0 0 
0 0 1256 1256 1256 
0 1798 1798 1798 1798 
1694 1694 1694 0 0 
0 0 600 600 600 
1668 1668 1668 0 0 
712 712 712 0 0 
0 1336 0 0 0 
0 0 0 1302 1302 
0 0 0 972 972 
0 0 0 1424 1424 
0 1194 1194 1194 1194 
1110 0 0 0 0 
0 1870 1870 1870 1870 
610 610 0 0 0 
0 1136 1136 0 0 
0 704 704 704 704 
0 1688 1688 1688 1688 
0 956 956 0 0 


3 3 1 1 1 3 2 1 2 3 3 2 3 2 3 1 3 1 1 2 1 2 1 1 2 